#Read position (bp)	Clipping profile
0.0	22.78719397363465
1.0	1.4438166980539862
2.0	1.0253191044151497
3.0	0.857920066959615
4.0	0.8021203878077702
5.0	0.7463207086559253
6.0	0.7253958289739835
7.0	0.7044709492920416
8.0	0.6905210295040803
9.0	0.6347213503522355
10.0	0.6207714305642742
11.0	0.5998465508823324
12.0	0.5998465508823324
13.0	0.5928715909883518
14.0	0.5858966310943712
15.0	0.5789216712003906
16.0	0.57194671130641
17.0	0.5579967915184488
18.0	0.5510218316244682
19.0	0.5440468717304876
20.0	0.3068982353351468
21.0	0.2999232754411662
22.0	0.285973355653205
23.0	0.2789983957592244
24.0	0.2720234358652438
25.0	0.2580735160772825
26.0	0.2580735160772825
27.0	0.2301736765013601
28.0	0.2301736765013601
29.0	0.2301736765013601
30.0	0.2301736765013601
31.0	0.6347213503522355
32.0	0.2301736765013601
33.0	0.2301736765013601
34.0	0.2301736765013601
35.0	0.2301736765013601
36.0	0.2301736765013601
37.0	0.22319871660737953
38.0	0.2162237567133989
39.0	0.2162237567133989
40.0	0.22319871660737953
41.0	0.2162237567133989
42.0	0.2162237567133989
43.0	0.2162237567133989
44.0	0.2162237567133989
45.0	0.2162237567133989
46.0	0.2162237567133989
47.0	0.2162237567133989
48.0	0.2162237567133989
49.0	0.2162237567133989
50.0	0.20227383692543766
51.0	0.18134895724349587
52.0	0.18134895724349587
53.0	0.17437399734951523
54.0	0.7742205482318477
55.0	0.17437399734951523
56.0	0.17437399734951523
57.0	0.18134895724349587
58.0	0.18134895724349587
59.0	0.18134895724349587
60.0	0.9974192648392272
61.0	1.4019669386901026
62.0	0.19529887703145707
63.0	0.19529887703145707
64.0	0.19529887703145707
65.0	0.19529887703145707
66.0	5.328869359001185
67.0	0.16739903745553464
68.0	0.16739903745553464
69.0	0.16042407756155402
70.0	0.16739903745553464
71.0	0.16739903745553464
72.0	0.16739903745553464
73.0	0.16739903745553464
74.0	0.16739903745553464
75.0	0.16739903745553464
76.0	0.17437399734951523
77.0	0.17437399734951523
78.0	0.17437399734951523
79.0	0.17437399734951523
80.0	0.17437399734951523
81.0	0.17437399734951523
82.0	0.17437399734951523
83.0	0.17437399734951523
84.0	0.17437399734951523
85.0	0.18134895724349587
86.0	0.18832391713747645
87.0	0.18832391713747645
88.0	0.2162237567133989
89.0	0.2162237567133989
90.0	0.2162237567133989
91.0	0.2162237567133989
92.0	0.2162237567133989
93.0	0.2162237567133989
94.0	0.2162237567133989
95.0	0.2162237567133989
96.0	0.2162237567133989
97.0	0.2162237567133989
98.0	0.09764943851572853
99.0	0.09764943851572853
100.0	0.09764943851572853
101.0	0.09764943851572853
102.0	0.09764943851572853
103.0	0.09764943851572853
104.0	0.09764943851572853
105.0	0.10462439840970915
106.0	0.11159935830368976
107.0	0.11159935830368976
108.0	0.11159935830368976
109.0	0.11857431819767036
110.0	0.11857431819767036
111.0	0.10462439840970915
112.0	0.10462439840970915
113.0	0.10462439840970915
114.0	0.10462439840970915
115.0	0.11159935830368976
116.0	0.11159935830368976
117.0	0.11159935830368976
118.0	0.10462439840970915
119.0	0.10462439840970915
120.0	0.10462439840970915
121.0	0.10462439840970915
122.0	0.09764943851572853
123.0	0.09764943851572853
124.0	0.10462439840970915
125.0	0.10462439840970915
126.0	0.10462439840970915
127.0	0.11159935830368976
128.0	0.11159935830368976
129.0	0.12554927809165098
130.0	0.1394991978796122
131.0	0.1464741577735928
132.0	0.1464741577735928
133.0	0.1464741577735928
134.0	0.1394991978796122
135.0	0.1394991978796122
136.0	0.1534491176675734
137.0	0.1534491176675734
138.0	0.1534491176675734
139.0	0.1534491176675734
140.0	0.1534491176675734
141.0	0.1464741577735928
142.0	0.1464741577735928
143.0	0.1394991978796122
144.0	0.18832391713747645
145.0	0.2720234358652438
146.0	0.24412359628932134
147.0	0.24412359628932134
148.0	0.24412359628932134
149.0	0.24412359628932134
150.0	0.23714863639534073
151.0	0.2301736765013601
152.0	0.2301736765013601
153.0	0.2301736765013601
154.0	0.2301736765013601
155.0	0.2301736765013601
156.0	0.22319871660737953
157.0	0.22319871660737953
158.0	0.22319871660737953
159.0	0.22319871660737953
160.0	0.2580735160772825
161.0	0.2580735160772825
162.0	0.2580735160772825
163.0	0.2580735160772825
164.0	0.24412359628932134
165.0	0.23714863639534073
166.0	0.2301736765013601
167.0	0.2301736765013601
168.0	0.2301736765013601
169.0	0.22319871660737953
170.0	0.22319871660737953
171.0	0.22319871660737953
172.0	0.22319871660737953
173.0	0.22319871660737953
174.0	0.22319871660737953
175.0	0.36269791448699173
176.0	0.36269791448699173
177.0	0.36269791448699173
178.0	0.36269791448699173
179.0	0.36269791448699173
180.0	0.3417730348050499
181.0	0.31387319522912743
182.0	0.2999232754411662
183.0	0.2999232754411662
184.0	0.2999232754411662
185.0	0.3068982353351468
186.0	0.2999232754411662
187.0	0.2929483155471856
188.0	0.2789983957592244
189.0	0.2720234358652438
190.0	0.2580735160772825
191.0	0.2092487968194183
192.0	0.19529887703145707
193.0	0.2092487968194183
194.0	0.19529887703145707
195.0	0.18832391713747645
196.0	0.18832391713747645
197.0	0.18832391713747645
198.0	0.18134895724349587
199.0	0.18134895724349587
200.0	0.18832391713747645
201.0	0.18134895724349587
202.0	0.18134895724349587
203.0	0.18134895724349587
204.0	0.18134895724349587
205.0	0.18134895724349587
206.0	0.18134895724349587
207.0	0.18134895724349587
208.0	0.17437399734951523
209.0	0.17437399734951523
210.0	0.17437399734951523
211.0	0.17437399734951523
212.0	0.17437399734951523
213.0	0.17437399734951523
214.0	0.17437399734951523
215.0	0.17437399734951523
216.0	0.18134895724349587
217.0	0.18134895724349587
218.0	0.18832391713747645
219.0	0.18134895724349587
220.0	0.18134895724349587
221.0	0.18134895724349587
222.0	0.17437399734951523
223.0	0.2301736765013601
224.0	0.2301736765013601
225.0	0.24412359628932134
226.0	0.4603473530027202
227.0	0.5021971123666039
228.0	0.5091720722605845
229.0	0.5021971123666039
230.0	0.516147032154565
231.0	0.5091720722605845
232.0	0.49522215247262324
233.0	0.5231219920485457
234.0	0.5231219920485457
235.0	0.5440468717304876
236.0	0.5649717514124294
237.0	0.5649717514124294
238.0	0.606821510776313
239.0	0.6695961498221386
240.0	0.6486712701401968
241.0	0.6626211899281579
242.0	0.6974959893980609
243.0	0.6835460696100998
244.0	0.6277463904582549
245.0	0.6486712701401968
246.0	0.6835460696100998
247.0	0.6974959893980609
248.0	0.7742205482318477
249.0	0.8090953477017506
250.0	0.8090953477017506
