# Position (bp)	A	C	G	T	N
0.0	24.579132878164206	25.88794952059353	23.191442163121444	26.341475438120828	0.0
1.0	27.317542086712184	22.999186611126174	21.887555150230458	27.79571615193118	0.0
2.0	25.588836110359086	23.312249267800446	23.6912702123994	27.40764440944107	0.0
3.0	24.85549132947977	23.596113639158776	23.34030254581232	28.208092485549134	0.0
4.0	24.813712711801884	23.61360450532425	23.52753117084327	28.045151612030594	0.0
5.0	25.423520444542795	26.869268028816602	19.837230459049447	27.86998106759116	0.0
6.0	26.53783743915032	23.00732654767173	23.92437429316025	26.5304617200177	0.0
7.0	26.098286500971064	22.759790545025442	25.021510927551194	26.120412026452293	0.0
8.0	24.462253251063203	21.41891393593746	21.59345116644952	32.52538164654982	0.0
9.0	29.483618846314545	23.941308034507337	21.11976798486003	25.455305134318085	0.0
10.0	29.450219961168866	19.226326525596598	22.399174223991743	28.924279289242794	0.0
11.0	29.025361250368626	22.60640912218618	20.832104590582915	27.53612503686228	0.0
12.0	26.95615845866509	24.653494544382188	19.502604934630885	28.88774206232183	0.0
13.0	26.2846189762367	23.379942496252426	21.932519106480232	28.402919421030642	0.0
14.0	28.043446208286234	20.961321079274587	20.108615520715585	30.886617191723598	0.0
15.0	27.831428922472046	23.35422042019904	21.317115124708195	27.497235532620717	0.0
16.0	29.907116178494203	18.942893650481622	23.228327108315312	27.921663062708866	0.0
17.0	25.925106884859204	21.512113617376773	22.6546759054499	29.908103592314117	0.0
18.0	28.386446841445732	20.963660040787243	21.437873166416864	29.212019951350154	0.0
19.0	22.72972972972973	22.181818181818183	23.874692874692872	31.21375921375921	0.0
20.0	26.59694604016301	20.66332793243973	24.102715176511023	28.637010850886234	0.0
21.0	26.093040382963057	27.578249662452436	18.284030931631275	28.044679022953233	0.0
22.0	29.140584726415792	22.947197879077986	18.381324103394945	29.530893291111276	0.0
23.0	29.6160832637832	21.95738622416417	20.690755559919484	27.73577495213314	0.0
24.0	25.95792729325708	24.026117479565038	17.36665112054788	32.64930410663001	0.0
25.0	24.98956824820206	23.075034977050144	21.523772121450136	30.411624653297658	0.0
26.0	28.919270513733093	23.17567070027736	21.035320684322915	26.869738101666623	0.0
27.0	25.848570376733342	27.42422383114493	20.625843661798992	26.10136213032274	0.0
28.0	31.103202846975087	22.473923180758376	18.74094980979261	27.681924162473926	0.0
29.0	22.466560314148975	29.473555037427907	22.378205914836176	25.681678733586942	0.0
30.0	33.03306251687489	20.72359539530203	19.51351218674063	26.729829901082446	0.0
31.0	24.449517637528537	25.694086457029236	20.627439428529346	29.22895647691288	0.0
32.0	35.42740708008052	17.783669661707666	20.67314773898954	26.11577551922227	0.0
33.0	23.42441874739142	28.008151039748597	21.02820947190101	27.539220740958974	0.0
34.0	35.95806324887055	20.7523079945001	16.907287369868396	26.38234138676095	0.0
35.0	25.353599842844517	25.235733228563014	22.564089971515568	26.846576957076906	0.0
36.0	27.09545912227707	27.50804292836268	20.69549841597289	24.700999533387364	0.0
37.0	28.44581982513017	18.027311130759408	18.781314470969644	34.74555457314078	0.0
38.0	30.199199272959497	18.320929432859284	23.69513423230909	27.78473706187213	0.0
39.0	27.636944239744533	21.024318349299925	20.842544829280275	30.496192581675263	0.0
40.0	29.546738729885764	19.77889694140769	24.060926176145436	26.61343815256111	0.0
41.0	26.27582987296985	25.629622349443476	23.3027838521831	24.791763925403572	0.0
42.0	31.446896348356024	23.443259448567353	20.020150390720993	25.08969381235563	0.0
43.0	28.663422307427616	21.31445706139704	23.713316619967557	26.308804011207787	0.0
44.0	25.77306917064058	22.287498156432818	25.431394720023597	26.508037952903003	0.0
45.0	27.18310551676664	25.435146032058213	24.171501622578425	23.210246828596716	0.0
46.0	28.37894322736102	22.65004548695631	20.79368591871358	28.177325366969093	0.0
47.0	23.716892506701424	21.894597053832722	25.26129405110297	29.127216388362886	0.0
48.0	25.807403763374737	21.109334645185093	25.295781576681836	27.78748001475833	0.0
49.0	24.645773885663683	21.494637410213517	23.984059824854867	29.875528879267932	0.0
50.0	28.099783507183623	20.33310371974021	21.683723676441645	29.88338909663452	0.0
51.0	28.346127349670308	25.47977561263655	24.621100285404978	21.552996752288163	0.0
52.0	30.10014517359317	22.334588223714967	21.466007234073963	26.0992593686179	0.0
53.0	30.634244788462013	20.447441608623958	26.012158204326745	22.906155398587284	0.0
54.0	26.90575233219288	23.385925615969676	24.803701971595242	24.904620080242204	0.0
55.0	27.47950668340595	26.91332496369052	21.33766585431898	24.269502498584547	0.0
56.0	28.321351191648613	23.60892259208194	21.594937955485523	26.474788260783928	0.0
57.0	28.73359434635936	20.08815345596021	25.41922139321859	25.759030804461847	0.0
58.0	27.949071565778453	20.47726936905876	23.76742353346796	27.806235531694824	0.0
59.0	27.3663210265757	20.038915297652768	23.844240289648038	28.750523386123493	0.0
60.0	25.95585337012219	23.86184469846275	22.519215608986993	27.663086322428065	0.0
61.0	26.1802680859452	23.750739207569485	20.251823378671396	29.817169327813918	0.0
62.0	26.39505077393276	22.596864832889676	23.673962338558614	27.33412205461895	0.0
63.0	27.95227059809674	23.92880035501208	22.101967358611507	26.01696168827967	0.0
64.0	30.953790008383887	24.65848005128964	18.32864822212359	26.059081718202894	0.0
65.0	29.32586764016675	23.026072371179794	20.77896450506894	26.86909548358452	0.0
66.0	28.456889108178117	22.997409645984952	20.239299370914026	28.306401874922905	0.0
67.0	30.749111725227003	24.222759573628107	19.134919068298462	25.893209632846425	0.0
68.0	29.00311065027403	21.905396731348443	23.357033525897396	25.734459092480126	0.0
69.0	28.49167531248456	21.54043772540882	24.43802183686577	25.529865125240846	0.0
70.0	28.132025594782224	24.690565012229168	22.28178965832448	24.89561973466413	0.0
71.0	28.9222710876118	18.43405643128922	25.40890448188961	27.23476799920937	0.0
72.0	25.105646855307057	24.72754232052391	21.89052267391573	28.276288150253304	0.0
73.0	27.974689801769735	21.970932819219932	18.95298828414652	31.10138909486381	0.0
74.0	26.892459826946848	23.91841779975278	22.716934487021014	26.472187886279357	0.0
75.0	25.521709029769557	21.6744140045495	21.038967461180892	31.76490950450005	0.0
76.0	24.143729752454433	27.964487968939338	22.036748522392855	25.85503375621337	0.0
77.0	26.307193585904827	23.847467273762092	22.724010789141573	27.121328351191508	0.0
78.0	30.025986882811534	23.088726642742234	16.57220641009776	30.313080064348476	0.0
79.0	26.494901494901494	21.663696663696662	22.277497277497275	29.563904563904565	0.0
80.0	25.060640562348397	24.476511063808722	20.46928369882679	29.99356467501609	0.0
81.0	27.546599995049135	23.996831447879792	22.449686857934996	26.006881699136073	0.0
82.0	24.78213507625272	24.79946524064171	22.35343632402456	28.06496335908101	0.0
83.0	28.552680450662375	19.881143989104867	21.24551194750526	30.3206636127275	0.0
84.0	26.105800188221306	19.126752191787606	27.84684729308039	26.920600326910694	0.0
85.0	26.29180084220956	21.582858558335396	25.058211543225166	27.06712905622987	0.0
86.0	25.906106775671994	22.058714232627278	23.537718320327016	28.497460671373716	0.0
87.0	26.9537638138659	20.372664651370236	24.490807274889736	28.182764259874126	0.0
88.0	27.319843277290083	25.747656598720432	22.717353568417398	24.215146555572087	0.0
89.0	30.417421066990748	17.850145092884247	20.34772687814678	31.384706961978225	0.0
90.0	27.156359306392797	21.435836372206097	24.343231376051204	27.0645729453499	0.0
91.0	28.911387379339438	23.38271421127075	19.25109804213504	28.454800367254773	0.0
92.0	28.460106712991685	23.08723166645986	19.270380940563346	29.182280679985112	0.0
93.0	28.987018144810982	20.584804031077024	23.86377739717527	26.56440042693673	0.0
94.0	28.7700481652515	21.418640448880282	24.05779830180247	25.753513084065744	0.0
95.0	26.175163268853517	25.894564326686698	21.94383054803705	25.986441856422736	0.0
96.0	26.22584331064633	23.048835014158676	19.8097272591783	30.91559441601669	0.0
97.0	26.20307569998261	21.972124916151152	23.2118456684306	28.61295371543564	0.0
98.0	29.713348899597598	20.98713299220031	23.518306920363656	25.781211187838444	0.0
99.0	32.6773512237545	23.950801341781588	19.473226487762453	23.898620946701456	0.0
100.0	29.38705508053291	19.663451978524556	23.215350964406444	27.73414197653609	0.0
101.0	25.807414037443127	22.562840307302157	24.047139553964346	27.58260610129037	0.0
102.0	28.02210109758829	29.455685806018067	19.084596430971406	23.437616665422237	0.0
103.0	25.668981654344957	26.07472680656162	21.38252059841187	26.873770940681553	0.0
104.0	28.31677745412901	22.04048099185899	22.050439415440536	27.592302138571462	0.0
105.0	27.10678354417771	25.450742105787427	22.46488694093037	24.977587409104494	0.0
106.0	26.721131812294512	21.037162498754608	24.626382385174853	27.61532330377603	0.0
107.0	32.23861257849098	24.292335293531348	18.97239110933918	24.496661018638495	0.0
108.0	28.06090662147681	22.80758591472076	21.860592618436463	27.27091484536596	0.0
109.0	28.809333865177507	23.970382927802152	21.791483845233348	25.428799361786997	0.0
110.0	30.439119267885197	21.50961274717602	21.18295389372366	26.868314091215122	0.0
111.0	28.50587325735092	23.71748509863581	23.96937426740155	23.807267376611716	0.0
112.0	23.991020204539783	23.78648041905712	25.06859565976553	27.15390371663757	0.0
113.0	24.205299665651978	24.290134238235442	23.97824242726683	27.526323668845755	0.0
114.0	26.878526137101204	22.786958909581106	21.760946627390286	28.573568325927408	0.0
115.0	24.282681982769386	23.251342239980023	22.47471594456237	29.99125983268823	0.0
116.0	26.369700452194767	22.672196267519425	23.064431508731605	27.893671771554203	0.0
117.0	27.773194329858246	25.458136453411335	23.26808170204255	23.50058751468787	0.0
118.0	28.773632089626886	22.109132739821945	22.414224267280183	26.70301090327098	0.0
119.0	28.128283384199733	25.996897983689397	20.77350277680492	25.10131585530595	0.0
120.0	28.43873616744279	26.325672224725853	22.715437384207103	22.520154223624257	0.0
121.0	27.122676952361868	25.414516856183937	21.301908530781947	26.160897660672244	0.0
122.0	29.765484064942875	21.74032872319102	20.004008819402685	28.490178392463424	0.0
123.0	24.71493371425707	22.066010074430494	26.263689446908757	26.955366764403678	0.0
124.0	26.997894314649557	22.7714830041111	24.7844179284067	25.446204752832646	0.0
125.0	32.493418578412935	20.737119217751037	21.755045756550082	25.014416447285946	0.0
126.0	28.729060086267427	24.578693951248873	23.61821647106029	23.074029491423413	0.0
127.0	29.091821374811843	22.215253386853988	22.960361264425487	25.73256397390868	0.0
128.0	27.97359040016067	24.069890043681276	20.133554250138072	27.82296530601998	0.0
129.0	27.88857630865066	22.329950768612477	25.823872199336883	23.95760072339998	0.0
130.0	31.99567795758368	19.951753945120114	23.148055080912656	24.904513016383557	0.0
131.0	27.891310358695925	25.45811024809592	18.105723550260162	28.544855842947992	0.0
132.0	30.02338504865599	21.295481405114536	23.12605295581986	25.555080590409617	0.0
133.0	27.529997736019922	20.818554574497522	22.825950242748974	28.82549744673358	0.0
134.0	25.30699547055863	22.55410166079517	25.770005032712636	26.36889783593357	0.0
135.0	23.927708417237213	21.103503826016915	26.00936367297624	28.959424083769637	0.0
136.0	26.82951397632838	22.626542432636615	22.304205489801056	28.239738101233947	0.0
137.0	28.98601839022547	24.469076709913086	20.959818616954276	25.585086282907167	0.0
138.0	29.871471774193548	24.62701612903226	21.486895161290324	24.014616935483872	0.0
139.0	32.644315603730774	18.563145954121502	22.503150995714645	26.28938744643307	0.0
140.0	33.04251349034243	21.57950476574714	24.116193454031972	21.26178828987846	0.0
141.0	25.91583409022101	24.740135230598444	23.047229791099	26.29680088808154	0.0
142.0	26.664647382502903	24.98359331616942	23.46913019334646	24.88262910798122	0.0
143.0	29.045129681541532	25.30242190064904	20.852589842664848	24.799858575144583	0.0
144.0	31.2937548967574	22.72095433062906	21.806050496625975	24.179240275987564	0.0
145.0	27.23823975720789	25.890237733940314	21.449165402124432	25.422357106727368	0.0
146.0	28.444197049819092	24.340257571540622	18.75616729499279	28.459378083647497	0.0
147.0	29.363070224292443	22.9887094324338	22.510252645435674	25.137967697838082	0.0
148.0	29.515753216492758	24.711275453348193	20.471583426197952	25.301387903961096	0.0
149.0	30.654973131907127	23.00770556625773	19.740444083950116	26.596877217885023	0.0
150.0	30.207672997438955	25.143900398103302	19.16727945837665	25.48114714608109	0.0
151.0	29.211915152745355	25.93118847051659	18.324368212727087	26.53252816401096	0.0
152.0	28.832533698880514	24.831822912700225	20.70672454496992	25.628918843449345	0.0
153.0	29.34857142857143	19.77142857142857	24.551111111111112	26.32888888888889	0.0
154.0	27.200630385602807	18.64212907653593	29.079077806868153	25.07816273099311	0.0
155.0	30.889160181087544	21.63894399511674	20.79200366244468	26.679892161351038	0.0
156.0	34.10612037154854	21.249522840055988	21.178266955083345	23.466089833312125	0.0
157.0	32.20895598380897	19.281586517654844	22.838013288867394	25.6714442096688	0.0
158.0	26.892019257712	21.741345492523624	24.403291132791605	26.96334411697277	0.0
159.0	31.94359445124439	17.118013055895553	23.291513667890655	27.646878824969402	0.0
160.0	28.486071036437455	21.90077368945178	24.426116487500956	25.18703878660981	0.0
161.0	32.23037023788231	21.979201267342923	21.680251424483227	24.11017707029154	0.0
162.0	35.82207898506241	20.85891139758543	18.82033967669327	24.49866994065889	0.0
163.0	26.52005837024142	23.883157113233146	23.729551214766648	25.867233301758784	0.0
164.0	30.65020238766204	22.101245068401905	21.132858533586106	26.115694010349948	0.0
165.0	31.43926767353009	20.58770737711223	22.318520987717633	25.65450396164004	0.0
166.0	30.848414837633165	23.90707226286741	20.587857784623285	24.656655114876138	0.0
167.0	33.68705035971223	22.528263103802672	20.709146968139773	23.075539568345324	0.0
168.0	30.215753336590634	20.690719263507084	23.635147992902514	25.45837940699977	0.0
169.0	29.717345415229367	19.662256088142925	24.581681511609947	26.038716985017764	0.0
170.0	27.333642595742486	23.779702077212512	24.92912736456884	23.95752796247616	0.0
171.0	28.66357069143447	22.693498452012385	19.633642930856553	29.00928792569659	0.0
172.0	28.05155224959967	24.1076501885428	21.333746577819102	26.507050984038433	0.0
173.0	29.559911051352326	25.234007343434868	22.467290686249157	22.738790918963645	0.0
174.0	27.363570467018743	23.622760691726207	20.85792689240965	28.155741948845396	0.0
175.0	29.079687783626795	22.765345019837667	18.98970515779374	29.1652620387418	0.0
176.0	32.47572563476816	20.478737213770184	21.94558388285996	25.099953268601695	0.0
177.0	32.493113663531005	19.089444415570917	21.86216932591861	26.555272594979474	0.0
178.0	29.584135741425076	17.459532608129912	25.428095560297713	27.528236090147296	0.0
179.0	28.942979255707286	19.53768372771813	24.314604399040967	27.204732617533615	0.0
180.0	30.656991464592416	20.513690584949494	19.453942731852468	29.37537521860562	0.0
181.0	28.42652863827674	19.938305492379683	25.19802368441691	26.43714218492667	0.0
182.0	28.821235046202982	21.83974241512002	23.033428444281565	26.305594094395435	0.0
183.0	33.6217293272508	18.36558124901683	21.734570814325416	26.278118609406953	0.0
184.0	33.32545559581955	23.751378604064914	20.009453285016544	22.913712515098997	0.0
185.0	31.823085221143472	21.14084247638593	19.696371720998762	27.33970058147183	0.0
186.0	26.970199984190973	21.234158037572787	22.630622085210657	29.165019893025583	0.0
187.0	27.271767531473518	21.452136503998524	20.889968064609782	30.38612789991818	0.0
188.0	28.400380610033306	21.195221229581858	23.50531268171486	26.89908547866998	0.0
189.0	32.803028297641426	21.12925854355825	21.44426502898589	24.623448129814438	0.0
190.0	28.86537798637075	18.887386312412165	21.562856309495398	30.684379391721688	0.0
191.0	29.104001700589894	19.6364989105596	24.90035606100866	26.359143327841846	0.0
192.0	31.35688029407064	18.885514889989878	21.2801662138405	28.47743860209898	0.0
193.0	29.542420844679373	20.91142079128624	24.520796625553952	25.025361738480434	0.0
194.0	34.5062884666845	18.91891891891892	20.286325929890285	26.28846668450629	0.0
195.0	29.090323792150656	19.05732757464388	20.10354910534646	31.748799527859	0.0
196.0	26.46963911149357	20.720163502393373	22.002904318829668	30.807293067283386	0.0
197.0	29.079830686689494	20.638429807770077	18.98034563640775	31.30139386913267	0.0
198.0	26.858331757140153	23.08357426571915	22.28106676754303	27.777027209597666	0.0
199.0	31.02738427368022	19.98158129960183	21.682602454020966	27.308431972696983	0.0
200.0	31.272056029100387	20.32683641891525	20.191107009066727	28.21000054291764	0.0
201.0	30.415135429426975	20.285830951408737	18.649789029535864	30.64924458962842	0.0
202.0	30.399083444720258	16.92899424425107	20.53247497203961	32.139447338989065	0.0
203.0	27.353094123764947	23.39819908585817	23.833374387607083	25.415332402769796	0.0
204.0	33.38182417039497	18.28836494386957	20.602201301018308	27.72760958471715	0.0
205.0	30.26239709243096	22.938406894462954	18.51647897794543	28.28271703516066	0.0
206.0	34.6752816434725	19.372652971062514	18.25988513364259	27.6921802518224	0.0
207.0	33.7931798664783	19.845425081027177	21.003351893404247	25.358043159090283	0.0
208.0	31.803397181062522	16.94698507130744	21.89541575157766	29.354201996052375	0.0
209.0	28.658723736711405	21.33709087865175	20.059153436200784	29.945031948436064	0.0
210.0	29.618735467966495	17.861444939350648	22.819844804885562	29.699974787797295	0.0
211.0	33.13358091379698	21.002138194913346	18.29282016655413	27.57146072473554	0.0
212.0	33.98762956477533	17.346852317338378	19.722088852486795	28.943429265399494	0.0
213.0	31.5341875496088	17.62104547000794	23.361492232679442	27.483274747703824	0.0
214.0	29.64545066211021	19.44183397408515	21.440979638331196	29.471735725473447	0.0
215.0	29.2528094707043	20.311114923794	24.39449829859026	26.04157730691144	0.0
216.0	27.305382338572947	20.01494295813098	20.971867007672635	31.707807695623437	0.0
217.0	30.776334776334775	20.545454545454543	19.653679653679653	29.024531024531026	0.0
218.0	27.974481658692184	27.127736697114685	20.37407568508047	24.523705959112657	0.0
219.0	28.874245560836226	21.69285943376972	19.791818526401723	29.641076478992336	0.0
220.0	29.86837862398499	21.261689092134965	18.350775364230646	30.519156919649397	0.0
221.0	30.767869780608635	20.83923095069592	19.518164661476764	28.874734607218684	0.0
222.0	31.440672945915527	23.881879035602157	17.71222083999763	26.965227178484685	0.0
223.0	28.98960721836753	21.4526071290313	20.210833507042672	29.346952145558504	0.0
224.0	32.62640786005272	19.63215911814043	20.668583752695902	27.07284926911095	0.0
225.0	26.73691789115424	26.79582419740158	20.532120299767648	25.935137611676538	0.0
226.0	27.556260123375953	18.15832098425061	25.44025915842437	28.845159733949068	0.0
227.0	27.463621293055812	25.23484988027261	19.21164118622214	28.08988764044944	0.0
228.0	27.200392186439398	21.73617919903462	20.23908288709556	30.824345727430426	0.0
229.0	30.398916032359622	21.926433666759653	22.572032040808192	25.10261826007253	0.0
230.0	29.739351037276485	19.42387168051066	23.356111133843445	27.48066614836941	0.0
231.0	27.95065761196596	16.784148542938194	22.81010917218258	32.455084672913266	0.0
232.0	23.184495705742165	20.90921354377445	23.368856513332435	32.537434237150954	0.0
233.0	28.684590652812076	19.77074693630306	18.778248916639487	32.76641349424538	0.0
234.0	28.058912386706947	20.227530211480364	22.47450906344411	29.23904833836858	0.0
235.0	30.54945054945055	18.334554334554333	24.14652014652015	26.969474969474973	0.0
236.0	30.33358042994811	20.26192241166296	19.589819619471214	29.814677538917717	0.0
237.0	35.932151433096614	19.460481275226076	17.0489960660093	27.55837122566801	0.0
238.0	29.710867397806577	22.72130975494569	22.51141312903395	25.05640971821378	0.0
239.0	30.434055831058117	21.63035604836463	21.585780353262386	26.34980776731487	0.0
240.0	24.5162385424918	20.063369921919204	23.214891931651014	32.20549960393799	0.0
241.0	27.18166283660362	21.57798597607684	24.011549113193094	27.228802074126452	0.0
242.0	25.881774609807056	20.695588054565565	21.924542214575396	31.498095121051982	0.0
243.0	25.654691406764048	18.324779576260035	28.115541518620873	27.904987498355048	0.0
244.0	29.240818502966075	17.829767379857362	23.441978271012466	29.4874358461641	0.0
245.0	24.233587026104274	27.05740095312611	22.0357066647699	26.673305355999716	0.0
246.0	31.135822081016677	22.521481695429273	18.810022384287674	27.532673839266376	0.0
247.0	30.34915653197332	24.378187524519422	22.510788544527266	22.761867398979994	0.0
248.0	30.882585961020443	20.28996989383616	23.126287434637934	25.70115671050547	0.0
249.0	29.876648234793706	23.01148447469162	22.28838792003403	24.823479370480648	0.0
250.0	24.688778619308785	24.4624357969879	24.18386001566989	26.664925568033432	0.0
